- Jet Lab
- Date: 2021-12-07 16:34:45
- Step: 100 motor steps
793
872
864
863
854
862
858
855
858
857
858
864
855
857
856
848
858
853
851
874
960
1258
1736
2328
2585
3072
3062
3232
3266
3244
3296
3280
3280
3288
3217
3176
3204
3238
3184
3228
3214
3332
3151
3236
3200
3336
3236
3152
3196
3218
3249
3119
3252
3272
3203
3271
3188
3177
3190
3235
3185
3257
3219
3184
3270
3282
3264
3187
3212
3193
3184
3158
3185
3158
3155
3154
3118
3048
2770
2314
1410
944
864
849
856
864
850
852
852
862
842
856
854
866
854
822
859
861
856
856
844
