- Jet Lab
- Date: 2021-12-07 16:37:16
- Step: 100 motor steps
796
848
838
843
849
849
854
838
846
835
840
846
836
864
867
896
924
952
1096
1256
1424
1532
1584
1722
1818
2139
2240
2184
2582
2670
2864
2732
2840
3084
3149
3175
3288
3248
3308
3188
3216
3176
3264
3248
3328
3200
3233
3254
3292
3172
3251
3216
3296
3264
3169
3225
3202
3280
3146
3329
3264
3306
3264
3188
3200
3240
3284
3232
3248
3232
3328
3241
3044
3079
2924
2944
2630
2280
1852
1604
1220
1088
930
860
859
848
846
848
847
845
849
850
846
848
850
852
853
852
851
856
848
