- Jet Lab
- Date: 2021-12-07 16:38:37
- Step: 100 motor steps
1486
1546
1351
1472
1510
1728
1802
2168
2056
2111
2220
2208
2508
2704
2584
2644
2640
2912
2896
2808
2951
3036
3076
3120
3184
3204
3172
3284
3222
3204
3218
3124
3306
3256
3232
3120
3268
3196
3312
3188
3274
3230
3240
3216
3152
3232
3225
3144
3232
3102
3089
3120
3123
3000
2946
3008
2876
2816
2732
2694
2632
2382
2342
2284
2032
2009
1548
1527
1446
1359
1340
1293
1221
1054
1094
1086
914
1090
984
927
851
880
832
866
898
882
871
924
861
857
856
844
850
828
869
838
856
867
856
854
844
