- Jet Lab
- Date: 2021-12-07 16:39:46
- Step: 100 motor steps
803
868
904
944
902
944
995
1042
1046
1072
1208
1182
1408
1270
1405
1454
1480
1708
1731
1792
1768
1961
2056
2308
2336
2376
2552
2760
2756
2816
3032
2996
3168
3190
3108
3158
3136
3304
3185
3362
3200
3208
3162
3264
3212
3138
3264
3130
3368
3168
3272
3160
3237
3272
3180
3232
3140
3120
3113
3014
3113
2794
2980
2768
2688
2570
2434
2342
2377
2248
2014
2032
1885
1756
1750
1458
1465
1460
1286
1117
1092
1048
1118
1039
934
925
876
924
833
902
847
871
903
863
851
903
863
848
844
847
856
