- Jet Lab
- Date: 2021-12-07 16:42:35
- Step: 100 motor steps
1649
1615
1548
1764
1550
1767
1774
1856
1717
1961
1916
2152
2240
2206
2476
2457
2404
2528
2548
2816
2680
2952
2944
2856
2952
2872
3008
2712
3008
2784
2954
2884
2860
2964
3008
2994
3040
2752
2832
2924
2872
2798
2752
2688
2466
2652
2548
2432
2400
2346
2292
2318
2480
2177
2007
2248
1939
1948
1686
1593
1624
1740
1504
1400
1488
1441
1388
1427
1298
1296
1424
1182
1208
1237
1142
1122
1130
1139
1065
1084
1048
937
1053
929
928
1020
960
885
948
877
882
888
850
912
878
906
855
897
880
908
899
