- Jet Lab
- Date: 2021-12-07 16:43:34
- Step: 100 motor steps
1619
1694
1795
1724
1540
1832
1693
1840
1944
2029
2128
2138
2112
2216
2435
2307
2344
2264
2480
2496
2546
2595
2662
2696
2626
2648
2712
2574
2552
2528
2544
2568
2321
2392
2433
2288
2311
2225
2192
2107
2004
2072
1993
1806
1937
1819
1698
1741
1932
1747
1678
1591
1604
1771
1628
1420
1326
1270
1561
1408
1354
1416
1384
1322
1320
1177
1122
1059
1180
1122
1027
1056
1089
1131
1017
1074
1000
1040
1006
988
976
974
946
963
896
890
982
875
900
876
899
885
867
873
880
872
872
890
852
864
845
