- Jet Lab
- Date: 2021-12-07 16:45:34
- Step: 100 motor steps
1568
1444
1699
1542
1569
1688
1584
1891
1626
2033
1969
1808
2144
2048
1962
2076
2232
2307
2328
2352
2424
2289
2436
2656
2402
2224
2328
2410
2317
2316
2256
2232
2080
2128
2288
2124
1960
2161
1920
2016
2008
2016
1868
2102
1953
1767
1738
1716
1616
1624
1780
1350
1634
1608
1390
1414
1487
1338
1333
1207
1283
1364
1320
1230
1236
1244
1280
1055
1088
1141
1142
1016
1008
1095
972
1078
1012
1053
966
999
980
912
1006
965
1014
978
876
944
971
920
923
868
857
910
907
860
896
858
906
870
892
