- Jet Lab
- Date: 2021-12-07 16:30:48
- Step: 100 motor steps
786
860
854
866
848
853
848
853
852
850
865
857
849
865
860
868
855
861
856
864
856
856
852
865
848
812
854
854
849
852
852
852
846
850
853
860
852
857
853
855
852
856
844
856
848
860
851
864
851
863
851
856
856
856
855
856
855
854
852
862
856
860
848
858
996
1026
1246
1359
1376
1392
1392
1379
1388
1356
1381
1381
1405
1382
1392
1390
1395
1368
1364
1387
1369
1379
1375
1394
1386
1368
1378
1404
1373
1398
1384
1315
1251
1222
1224
868
855
