- Jet Lab
- Date: 2021-12-07 16:24:26
- Step: 100 motor steps
804
877
870
872
865
868
874
870
866
873
871
869
873
886
873
882
869
872
874
876
880
880
880
880
877
884
867
880
884
886
880
881
885
884
880
878
878
876
878
882
876
880
876
883
880
860
871
871
876
884
881
874
880
872
868
881
870
814
867
874
880
880
876
875
876
835
864
878
876
882
880
877
876
883
880
876
876
876
884
880
881
881
880
883
878
883
880
882
880
882
877
880
880
880
878
880
880
872
872
876
869
874
871
872
809
868
815
874
880
876
876
876
880
870
869
870
871
877
871
878
868
870
878
876
876
878
880
876
876
874
872
878
875
883
878
876
876
874
872
876
876
879
885
875
880
878
872
872
874
874
880
881
878
874
880
817
868
863
871
872
869
873
862
869
866
876
872
886
874
882
878
883
882
884
876
878
888
884
880
888
881
876
884
882
880
881
881
886
880
883
880
886
878
880
876
888
884
881
882
880
882
880
880
878
886
887
876
880
881
880
874
867
873
870
874
878
880
880
876
880
865
874
870
867
880
880
874
880
876
877
880
881
875
878
877
876
876
879
876
872
870
874
876
875
870
873
880
875
873
876
870
880
874
880
880
871
876
881
872
871
874
863
874
876
872
878
876
876
870
876
872
874
870
873
870
878
868
876
869
873
860
875
868
878
872
873
872
874
870
872
870
872
875
875
868
874
869
877
872
874
871
