- Jet Lab
- Date: 2021-12-07 16:23:41
- Step: 100 motor steps
797
864
880
821
875
874
870
859
867
878
860
876
872
866
874
877
876
882
877
869
873
861
869
867
878
874
857
870
871
883
884
872
880
888
878
884
880
880
880
880
876
875
881
884
872
870
878
872
878
880
880
880
875
886
878
885
876
882
881
880
881
877
881
878
880
882
878
880
876
878
880
874
880
875
871
874
876
880
878
882
873
872
880
880
880
881
881
888
882
885
883
886
880
881
876
884
882
885
880
886
880
878
878
818
864
876
814
867
868
874
872
870
870
873
870
878
869
872
872
872
861
864
865
866
863
858
872
874
878
875
880
882
880
876
870
804
870
872
867
862
859
867
864
871
862
876
876
880
873
880
881
883
875
880
878
880
880
882
882
872
871
873
870
876
876
877
880
883
878
870
863
870
880
876
880
876
878
882
868
880
881
876
867
881
880
874
876
876
880
882
881
883
880
880
886
878
884
881
880
882
880
880
874
881
880
880
880
880
878
885
880
884
878
888
872
876
872
874
864
826
862
869
865
819
874
872
876
875
872
878
876
878
876
808
869
866
872
868
875
872
864
876
866
868
871
873
869
867
866
872
864
872
870
870
865
868
873
872
870
865
867
874
871
873
866
867
862
864
861
871
869
864
872
876
872
872
873
868
874
875
881
872
872
872
874
882
876
878
874
874
871
878
867
870
872
872
866
866
868
870
868
