- Jet Lab
- Date: 2021-11-30 18:01:34
- Step: 500 motor steps
812
810
817
822
819
818
816
811
817
814
809
815
806
822
817
814
811
806
819
821
811
825
814
814
822
819
821
819
816
820
818
813
820
816
820
814
807
815
817
808
820
817
809
817
810
818
815
819
810
815
815
815
806
816
807
819
816
806
818
818
816
806
815
813
812
819
807
821
818
806
819
826
821
809
817
817
808
821
821
816
816
806
820
822
816
810
815
812
807
812
812
817
809
820
811
804
815
805
820
809
812
816
803
821
811
817
820
811
819
814
815
816
815
825
817
811
814
818
825
815
821
824
818
808
815
815
814
825
826
823
811
817
822
821
816
817
808
824
819
807
821
822
824
824
810
818
816
812
819
815
809
819
817
816
816
820
829
823
825
816
811
816
812
825
821
808
824
810
824
818
807
815
820
817
808
811
814
820
804
803
814
815
819
819
807
816
819
812
814
811
812
816
819
820
818
806
812
814
814
813
806
809
809
817
807
812
815
813
817
813
804
812
810
816
802
815
805
814
805
813
810
812
816
820
804
822
814
806
820
809
803
818
818
813
812
816
806
806
818
810
806
803
817
803
804
819
817
804
817
807
808
815
811
801
812
814
803
808
819
811
804
812
812
810
813
810
801
812
813
806
813
812
808
807
815
808
806
815
817
803
814
812
810
815
814
816
810
819
810
808
813
815
810
803
812
817
812
817
815
813
808
816
822
822
815
812
816
817
812
808
820
828
820
820
814
809
810
812
812
817
823
820
821
819
816
814
810
818
817
817
811
804
808
806
818
820
816
806
808
817
819
818
809
814
813
817
816
815
811
814
820
819
813
817
817
814
804
817
817
817
804
803
812
807
810
815
812
812
804
815
811
814
812
813
817
821
816
819
816
824
824
817
814
821
823
820
818
812
823
822
815
822
823
815
810
815
819
818
818
808
816
818
817
807
816
812
818
816
805
814
816
812
815
803
814
811
816
815
819
824
820
809
812
817
813
816
809
806
805
815
815
809
810
804
818
815
812
819
821
817
817
818
817
814
819
821
807
810
804
809
803
805
803
815
813
817
818
815
807
817
815
808
818
814
816
817
812
817
816
814
814
810
814
820
816
812
816
812
818
811
804
808
818
808
804
812
809
812
817
816
808
808
806
802
817
808
807
814
811
812
807
