- Jet Lab
- Date: 2021-12-07 16:41:52
- Step: 100 motor steps
1563
1617
1580
1524
1629
1776
1698
1801
1996
2020
1860
2160
2316
2388
2560
2556
2550
2672
2767
2896
2955
2996
2955
3000
3096
3152
2984
3058
3020
3200
3017
3092
3104
3156
2969
3024
2952
3004
3030
2965
2873
2918
2832
2668
2820
2664
2596
2584
2624
2505
2324
2332
2259
2466
2342
2343
2195
2080
1951
1893
2018
1816
1740
1691
1508
1506
1457
1387
1260
1188
1255
1102
1168
1119
1033
1157
1052
1114
1156
1079
970
967
1009
938
1027
924
960
871
924
892
891
871
867
936
876
888
920
865
872
853
852
