- Jet Lab
- Date: 2021-12-07 16:25:36
- Step: 100 motor steps
795
875
872
878
867
876
868
876
882
868
864
872
870
873
864
870
865
878
874
884
874
878
867
876
868
878
866
872
872
880
876
880
876
883
871
879
871
872
867
861
865
872
870
874
878
877
874
886
876
880
880
882
874
878
874
880
876
878
873
880
872
880
872
876
873
884
874
876
866
869
868
874
866
876
869
876
877
880
880
881
873
851
872
876
878
878
876
872
872
874
868
880
866
882
873
884
868
880
874
880
874
870
869
873
870
881
876
881
872
880
872
880
876
881
870
881
873
886
873
876
874
882
876
886
875
880
870
868
872
880
862
870
870
870
865
866
863
862
867
864
866
873
864
872
865
877
872
872
868
872
815
874
872
872
864
870
860
869
864
876
874
881
876
874
880
881
871
883
868
868
864
868
866
875
867
872
865
875
866
874
869
872
871
871
864
868
857
865
868
870
872
877
868
882
871
876
868
875
801
824
867
876
871
876
870
876
873
869
864
880
873
874
870
872
872
873
870
874
868
874
868
876
866
873
865
872
862
872
871
876
868
872
862
872
864
871
862
813
871
874
868
882
868
872
870
870
869
876
865
872
868
880
876
878
873
872
866
873
865
876
869
868
868
870
864
867
804
872
872
872
864
873
868
868
868
868
867
872
864
869
860
867
858
873
864
870
868
876
870
888
876
880
872
878
870
808
864
873
868
870
864
