- Jet Lab
- Date: 2021-11-30 18:13:33
- Step: 100 motor steps
1551
1569
1567
1571
1560
1553
1555
1548
1559
1570
1565
1566
1580
1575
1577
1577
1575
1572
1559
1574
1569
1572
1566
1563
1575
1571
1575
1569
1563
1568
1579
1578
1580
1568
1575
1581
1575
1571
1568
1579
1563
1564
1575
1579
1575
1578
1560
1570
1574
1579
1574
1562
1560
1554
1562
1571
1569
1569
1569
1566
1567
1568
1564
1574
1574
1576
1578
1572
1563
1576
1571
1568
1558
1575
1556
1559
1578
1574
1569
1572
1578
1572
1558
1569
1574
1578
1575
1575
1571
1571
1567
1556
1569
1575
1571
1563
1573
1572
1572
1574
1572
